24,1
24,3
10,75
10,19
10,101
10,203
10,185
10,77
10,293
11,13
11,29
11,21
11,19
11,23
11,11
11,9
9,5
8,10
8,16
8,15
8,6
8,9
47,4
47,3
47,2
47,1
47,0
46,3
46,2
46,1
46,0
45,3
45,2
45,1
45,0
44,5
44,4
44,3
44,2
44,1
44,0
43,4
43,3
43,2
43,1
43,0
41,5
41,4
41,3
41,2
41,1
41,0
38,5
38,4
38,3
38,2
38,1
38,0
36,5
36,4
36,3
36,2
36,1
36,0
34,5
34,4
34,3
34,2
34,1
34,0
32,1
32,4
20,3
20,2
20,1
19,3
19,2
19,1
18,3
18,1
14,3
14,1
13,3
13,1
12,3
12,2
12,1
11,28
11,26
11,24
11,18
11,16
11,12
11,10
11,6
11,3
11,2
11,1
10,308
10,300
10,288
10,278
10,256
2,2
2,1
2,3
10,132
